 [Name]             CRN                            [Week]                                                  WDF                       WPT                   WQ                 FP                    FE          [Average Total]   Status
                        | 1      2      3      4      5      6      7      8      9      10 |      Total   | Average  |      Total   | Average    Total   | Average  Total   | Average     Total   | Average    


        1.0    2.0    3.0    4.0    3.0    2.0    3.0    4.0    3.0    3.0         28.0         2.8
                   1.0    2.0    3.0    4.0    3.0    2.0    3.0    4.0    3.0    4.0         29.0         2.9
                   3.0    4.0    3.0    3.0    2.0    3.0    4.0    4.0    3.0    4.0         33.0         3.3
                   3.0
                   4.0
16.0
        1.0    2.0    3.0    4.0    3.0    4.0    3.0    4.0    3.0    4.0         31.0         3.1
                   2.0    3.0    3.0    4.0    3.0    4.0    3.0    4.0    3.0    4.0         33.0         3.3
                   3.0    4.0    3.0    4.0    3.0    4.0    3.0    4.0    3.0    4.0         35.0         3.5
                   2.0
                   2.0
        1.0    2.0    3.0    2.0    3.0    2.0    3.0    3.0    3.0    2.0         24.0         2.4
                   2.0    3.0    2.0    3.0    2.0    3.0    3.0    2.0    3.0    2.0         25.0         2.5
                   3.0    3.0    3.0    3.0    2.0    3.0    3.0    3.0    3.0    3.0         29.0         2.9
                   2.0
                   3.0
                   2.0
Test User    01    2.0    3.0    4.0    5.0    4.0    4.0    5.0    4.0    3.0    4.0         38.0         3.8
                   2.0    4.0    5.0    4.0    3.0    4.0    5.0    5.0    4.0    5.0         41.0         4.1
                   1.0    3.0    4.0    4.0    4.0    4.0    5.0    4.0    3.0    4.0         36.0         3.6
                   3.0
                   4.0
18.5Fail
